

   d888888o.   8 8888        8 8 8888888888   8 8888         8 8888  `8.`8888.      ,8'           8 8888      88 8 888888888o   8 888888888o.            .8.    8888888 8888888888 8 8888888888   8 888888888o.
 .`8888:' `88. 8 8888        8 8 8888         8 8888         8 8888   `8.`8888.    ,8'            8 8888      88 8 8888    `88. 8 8888    `^888.        .888.         8 8888       8 8888         8 8888    `88.
 8.`8888.   Y8 8 8888        8 8 8888         8 8888         8 8888    `8.`8888.  ,8'             8 8888      88 8 8888     `88 8 8888        `88.     :88888.        8 8888       8 8888         8 8888     `88
 `8.`8888.     8 8888        8 8 8888         8 8888         8 8888     `8.`8888.,8'              8 8888      88 8 8888     ,88 8 8888         `88    . `88888.       8 8888       8 8888         8 8888     ,88
  `8.`8888.    8 8888        8 8 888888888888 8 8888         8 8888      `8.`88888'               8 8888      88 8 8888.   ,88' 8 8888          88   .8. `88888.      8 8888       8 888888888888 8 8888.   ,88'
   `8.`8888.   8 8888        8 8 8888         8 8888         8 8888       `8. 8888                8 8888      88 8 888888888P'  8 8888          88  .8`8. `88888.     8 8888       8 8888         8 888888888P'
    `8.`8888.  8 8888888888888 8 8888         8 8888         8 8888        `8 8888                8 8888      88 8 8888         8 8888         ,88 .8' `8. `88888.    8 8888       8 8888         8 8888`8b
8b   `8.`8888. 8 8888        8 8 8888         8 8888         8 8888         8 8888                ` 8888     ,8P 8 8888         8 8888        ,88'.8'   `8. `88888.   8 8888       8 8888         8 8888 `8b.
`8b.  ;8.`8888 8 8888        8 8 8888         8 8888         8 8888         8 8888                  8888   ,d8P  8 8888         8 8888    ,o88P' .888888888. `88888.  8 8888       8 8888         8 8888   `8b.
 `Y8888P ,88P' 8 8888        8 8 888888888888 8 888888888888 8 888888888888 8 8888                   `Y88888P'   8 8888         8 888888888P'   .8'       `8. `88888. 8 8888       8 888888888888 8 8888     `88.

